Multiple size <= 100
TEST 1 ARG:68 3 81 69 26 46 41 10 52 40 49 15 9 92 87 34 86 90 21 99 83 79 0 32 57 94 64 23 13 85 11 29 35 65 76 73 78 22 95 54 63 61 6 75 93 48 37 39 19 28 42 84 38 30 24 74 72 36 62 51 91 2 20 7 14 71 77 59 27 1 97 96 82 12 43 8 88 16 50 89 47 80 4 66 58 45 60 98 67 17 25 53 44 5 31 56 70 55 18 33 
TEST 2 ARG:36 23 19 72 63 68 84 77 96 97 49 45 13 55 17 22 81 62 50 4 40 24 44 27 42 80 82 38 60 99 95 87 71 51 20 93 9 1 76 46 74 75 31 73 5 26 98 21 29 2 10 54 69 92 41 3 78 83 56 12 6 65 30 89 58 64 16 52 33 7 47 67 0 34 59 70 43 48 37 86 94 32 85 8 25 66 61 15 28 35 90 11 39 53 14 57 79 18 88 91 
TEST 3 ARG:58 96 48 5 16 75 38 31 57 40 1 26 53 95 13 22 0 59 97 92 33 41 88 87 54 56 76 36 93 4 72 60 70 12 89 24 45 42 8 51 7 84 44 49 29 20 14 86 52 67 79 30 74 71 55 61 91 28 46 73 63 83 2 18 32 15 78 98 62 21 37 90 99 23 81 10 39 85 65 17 82 77 64 27 43 25 50 68 94 80 11 19 3 9 34 66 6 35 69 47 
TEST 4 ARG:19 79 50 95 4 6 28 20 5 9 16 29 49 30 1 21 34 94 10 24 54 96 37 89 78 72 7 77 45 65 15 43 12 73 25 58 84 56 76 74 80 31 32 97 47 87 70 64 42 67 83 41 38 98 8 63 55 86 90 93 75 0 69 48 46 22 92 66 61 62 71 11 40 60 36 39 2 3 99 51 18 59 17 91 44 53 81 85 35 68 26 88 33 52 82 57 13 14 27 23 
TEST 5 ARG:46 79 91 15 93 66 82 57 72 37 27 31 71 42 96 87 63 51 89 48 7 59 32 0 21 80 43 88 13 33 41 16 19 12 23 77 94 90 6 68 34 4 22 40 62 78 99 53 30 55 52 10 14 97 39 11 44 81 65 70 56 18 20 98 73 9 60 54 29 2 26 17 47 49 69 38 84 76 3 75 5 85 61 25 45 83 74 28 50 36 24 64 86 92 58 35 8 1 95 67 
TEST 6 ARG:68 7 36 73 63 31 16 33 79 61 55 57 51 72 66 69 1 87 19 12 26 70 2 32 34 99 27 65 92 13 85 98 17 91 8 0 22 15 5 78 44 71 94 53 28 42 67 62 3 83 81 49 76 30 54 9 93 10 90 43 25 6 50 41 11 77 74 29 35 37 56 97 86 18 20 39 88 60 75 45 47 52 24 95 58 46 89 59 14 21 48 82 4 84 38 64 40 80 23 96 
TEST 7 ARG:44 64 4 29 13 14 17 84 56 51 86 90 42 60 66 26 63 28 88 22 82 39 68 1 98 8 19 97 16 38 21 81 6 11 91 71 55 58 52 9 24 76 61 89 87 59 2 62 53 36 78 18 41 92 3 54 83 94 85 99 31 80 30 5 47 65 33 40 0 25 34 37 96 48 46 72 32 57 95 49 15 69 79 43 93 50 27 7 75 77 23 20 10 35 45 74 12 70 67 73 
TEST 8 ARG:87 57 11 69 16 44 74 6 1 65 78 38 68 72 23 89 9 94 76 50 97 19 81 96 55 13 63 61 77 59 4 84 80 36 10 75 39 15 2 28 49 70 8 45 51 21 64 91 25 88 67 58 40 93 30 35 33 18 79 29 24 3 98 86 32 56 99 27 92 71 26 34 20 52 43 73 62 83 5 17 85 0 90 14 7 47 95 31 82 66 42 12 48 37 54 46 53 22 41 60 
TEST 9 ARG:91 32 0 24 57 36 22 14 55 48 60 89 75 62 50 15 71 5 18 7 59 54 6 63 93 16 43 46 44 23 99 25 98 86 72 61 29 80 58 69 2 31 85 38 3 47 53 26 8 90 1 96 70 76 12 66 19 64 35 45 30 73 9 95 83 87 49 84 10 56 88 42 37 74 21 20 17 52 51 79 34 81 77 28 67 11 40 82 97 13 94 4 27 78 39 68 65 33 41 92 
TEST 10 ARG:29 53 48 7 31 94 56 2 88 76 90 21 96 89 44 70 0 95 65 79 43 18 72 23 28 87 99 73 11 83 35 25 1 34 85 55 13 92 59 33 5 46 63 47 69 66 45 74 3 50 93 9 15 98 8 60 86 58 54 82 32 38 49 68 41 12 64 4 71 57 51 42 16 10 27 14 80 97 6 39 75 30 81 20 36 61 78 67 91 37 24 52 40 77 19 84 26 22 17 62 
TEST 11 ARG:98 85 15 55 35 10 91 20 63 43 93 25 68 46 49 12 1 21 2 65 7 75 34 22 48 23 5 97 3 66 6 79 51 87 56 60 24 13 0 27 88 45 17 90 81 64 78 44 73 30 36 99 16 77 61 52 38 62 76 74 80 11 42 39 70 41 96 18 8 54 53 71 82 92 19 28 57 32 14 33 89 84 4 67 26 86 95 72 31 37 83 59 9 58 47 50 69 94 40 29 
TEST 12 ARG:40 45 1 79 58 78 53 38 74 3 47 51 68 35 70 9 21 56 80 31 91 95 19 23 27 42 73 15 46 16 92 29 17 52 32 0 54 36 4 83 76 96 72 11 6 75 87 85 63 82 61 2 77 94 43 18 89 62 37 55 65 57 8 28 99 34 88 71 67 66 84 69 81 41 7 25 14 86 98 24 60 5 39 50 90 59 30 33 49 20 97 64 26 10 93 44 48 12 13 22 
TEST 13 ARG:41 21 30 93 36 10 66 33 55 80 19 63 92 50 97 77 86 39 20 51 12 56 64 75 1 23 22 16 83 70 44 38 2 69 79 52 25 60 34 43 35 59 57 91 29 24 94 68 32 4 72 71 5 74 18 26 96 7 67 15 95 54 0 8 61 87 13 49 78 42 9 47 81 84 37 11 65 48 88 89 73 28 53 82 62 31 99 14 46 3 76 58 45 6 98 27 40 90 17 85 
TEST 14 ARG:43 72 74 69 67 23 46 17 88 44 87 79 45 82 22 56 84 52 2 11 83 91 26 94 75 97 78 89 63 28 24 27 12 40 51 99 14 18 13 96 73 1 50 20 25 29 8 60 64 85 7 76 15 58 6 61 71 38 37 39 49 16 19 81 53 65 47 5 9 98 4 90 41 95 54 70 68 48 21 42 55 80 59 92 57 30 93 0 32 62 34 10 3 31 77 36 33 66 35 86 
TEST 15 ARG:83 24 84 75 99 62 11 64 93 7 67 20 32 73 92 66 26 1 53 29 10 70 23 30 27 87 25 71 88 36 61 81 72 89 68 38 34 6 43 45 46 96 9 94 63 90 80 49 91 86 3 21 47 98 51 15 50 60 59 44 2 16 5 85 31 79 35 48 39 18 33 4 54 69 37 17 55 13 58 40 52 74 42 78 19 12 8 77 76 41 65 57 0 97 95 22 14 28 56 82 
TEST 16 ARG:70 92 44 95 46 13 71 81 79 61 34 90 76 49 57 68 87 32 3 38 28 22 26 36 7 65 94 37 20 51 24 60 53 15 54 96 4 66 58 39 17 88 1 98 80 50 67 89 77 55 99 72 84 75 29 0 69 2 85 6 64 18 62 5 21 11 97 23 9 12 91 8 45 59 56 93 19 83 78 40 42 30 82 31 35 48 63 14 10 74 52 43 33 86 27 47 25 16 41 73 
TEST 17 ARG:93 38 66 78 35 49 13 67 87 9 30 8 21 99 29 94 92 60 57 53 2 1 47 91 96 65 42 19 74 64 68 58 59 40 84 26 4 15 77 0 18 73 27 37 61 32 90 95 48 70 69 45 76 79 43 44 97 50 88 55 7 36 83 17 63 86 6 28 51 22 25 52 20 62 11 89 14 5 24 34 71 33 46 80 16 82 3 31 12 54 75 39 23 56 98 85 41 10 81 72 
TEST 18 ARG:48 6 47 64 30 91 51 96 3 86 92 56 66 76 27 13 60 4 57 50 0 99 80 63 77 35 2 84 37 73 41 20 58 71 38 46 36 45 93 78 8 5 74 11 59 62 17 32 97 24 28 90 79 22 34 14 49 33 19 67 85 95 69 7 15 53 75 89 40 1 25 44 83 12 70 18 26 10 54 23 61 21 43 9 98 52 87 31 72 42 29 88 55 94 82 81 39 16 65 68 
TEST 20 ARG:74 51 18 52 42 84 38 97 80 56 93 65 75 62 30 48 98 95 73 19 39 27 55 12 24 60 46 53 36 72 35 16 87 88 61 4 99 15 79 86 43 82 96 78 26 59 70 25 90 57 10 67 20 7 21 68 5 69 47 45 40 58 34 83 76 44 94 8 49 22 31 37 9 66 64 13 71 28 54 2 11 29 1 0 14 17 89 41 32 3 23 33 6 85 63 92 81 77 91 50 
TEST 21 ARG:6 83 37 85 19 35 39 34 11 56 57 77 63 25 23 29 16 4 97 50 38 3 86 32 80 76 20 7 99 90 78 82 96 28 87 1 65 27 53 0 64 88 36 70 5 59 67 33 9 74 71 13 49 26 8 2 43 40 89 72 93 48 45 73 46 94 68 91 41 14 54 66 10 52 17 60 18 31 61 24 58 75 69 81 44 30 62 47 15 95 22 12 21 79 55 51 84 42 92 98 
TEST 22 ARG:1 97 40 19 94 78 51 26 86 54 29 68 37 23 21 64 28 76 62 18 39 41 5 33 89 98 47 38 92 43 36 57 88 81 24 71 61 30 3 58 85 6 46 60 74 99 84 2 44 70 4 83 31 63 95 42 0 13 45 53 80 65 77 91 50 12 35 59 48 90 32 34 66 11 25 72 14 56 17 10 8 20 79 82 73 7 75 27 9 22 15 49 93 87 55 96 67 52 69 16 
TEST 23 ARG:48 53 49 26 37 11 63 70 93 97 58 57 30 6 9 64 55 17 24 59 29 95 99 15 42 76 91 16 79 72 89 47 7 84 85 34 3 68 56 71 14 32 80 28 1 94 41 62 44 0 21 86 10 69 8 4 39 27 50 77 75 22 25 74 40 19 60 5 73 52 82 98 66 46 18 33 43 96 13 35 65 92 90 61 67 2 36 88 83 54 31 12 45 78 81 38 23 51 20 87 
TEST 24 ARG:41 68 93 21 52 78 16 18 72 58 56 7 73 92 91 32 95 35 34 29 38 81 51 77 6 64 30 71 17 5 97 89 20 37 80 40 98 83 19 11 44 55 66 15 94 27 90 39 31 12 84 61 62 43 53 3 74 22 96 36 76 69 54 47 79 50 70 75 59 67 46 82 1 9 13 8 87 23 45 48 85 65 10 26 24 88 0 49 60 42 2 33 57 28 99 86 14 63 4 25 
TEST 25 ARG:11 9 37 35 4 29 26 46 22 19 59 15 21 91 40 51 56 55 7 43 54 75 61 14 95 36 52 82 44 42 39 53 17 48 76 20 38 8 18 66 83 58 92 3 28 25 30 99 81 16 77 31 49 13 63 41 68 73 74 33 89 87 69 1 86 97 60 96 2 79 47 50 0 12 88 34 93 45 80 24 64 71 72 90 10 84 94 27 32 5 62 85 57 78 23 6 67 65 98 70 
TEST 26 ARG:76 98 78 86 95 87 15 58 65 61 26 72 80 30 17 23 27 99 79 92 56 94 64 19 11 67 37 13 34 52 35 77 45 47 28 40 43 50 31 6 24 54 97 59 14 83 91 12 49 7 9 68 2 32 20 53 42 36 3 38 66 44 39 10 0 33 51 93 29 73 1 82 18 74 55 89 85 88 84 57 70 81 62 8 25 71 4 75 90 22 5 41 69 96 48 63 21 16 46 60 
TEST 27 ARG:42 81 27 84 6 47 1 51 50 89 37 19 4 59 13 14 46 18 11 76 98 82 43 53 71 80 77 2 41 72 70 88 90 29 91 23 56 20 85 0 28 26 24 45 73 44 22 3 36 93 86 32 67 5 10 12 17 66 34 38 64 55 69 8 87 57 68 83 62 15 60 52 35 96 99 54 7 75 49 21 33 95 94 74 78 58 61 97 39 40 9 92 16 65 48 30 31 63 25 79 
TEST 28 ARG:50 83 84 29 47 99 20 56 7 69 65 11 3 74 72 70 63 42 36 94 92 97 78 19 93 14 61 27 91 39 52 38 24 10 96 1 71 51 49 44 85 40 62 15 26 13 0 48 22 98 12 82 68 23 90 43 55 87 34 64 81 95 35 2 53 6 31 21 77 5 25 17 67 89 80 73 75 76 18 37 66 9 57 33 79 59 45 86 28 32 4 54 41 16 58 60 30 46 8 88 
TEST 29 ARG:92 85 88 22 35 12 65 63 8 11 10 17 5 82 1 36 20 0 43 53 41 87 16 95 48 27 49 25 72 55 14 76 73 94 39 31 7 18 54 66 44 81 32 23 60 80 83 96 75 28 30 13 74 97 45 26 91 61 42 15 70 37 78 57 99 38 58 52 40 90 24 79 21 69 84 56 51 64 2 67 86 59 33 19 62 4 77 93 50 9 6 34 3 98 29 68 89 46 71 47 
TEST 30 ARG:22 54 38 6 82 80 55 95 49 34 58 15 75 19 78 69 43 23 36 3 56 48 50 71 11 51 79 28 57 33 88 89 46 4 62 5 12 31 8 90 87 68 66 20 21 37 94 2 65 45 24 92 93 47 60 84 99 17 40 16 53 26 70 67 7 59 74 52 85 77 76 32 29 13 0 64 97 63 25 30 18 41 91 39 81 83 35 73 44 27 10 72 61 1 86 42 96 14 9 98 
TEST 31 ARG:78 8 67 30 68 55 24 4 83 63 91 60 76 47 82 72 20 51 92 96 32 27 77 36 39 66 28 14 74 19 61 40 59 81 58 0 43 11 25 73 50 42 16 41 38 93 65 99 10 62 69 52 26 33 89 21 31 7 86 79 1 98 56 90 53 57 80 71 23 45 37 46 88 70 95 49 44 97 5 6 3 87 29 22 75 34 94 2 64 9 85 13 18 54 48 84 15 17 12 35 
TEST 33 ARG:92 3 89 73 71 9 86 18 20 21 95 46 87 64 84 2 4 57 33 76 47 16 7 99 70 85 28 34 56 36 12 52 72 44 74 22 62 24 97 11 37 50 82 49 53 75 19 41 23 93 96 61 68 91 29 59 10 45 79 81 83 5 63 32 39 14 8 58 51 55 77 25 42 43 6 66 27 98 94 1 69 13 40 48 54 88 17 80 0 38 31 26 30 60 35 65 15 90 67 78 
TEST 34 ARG:94 69 84 92 78 28 63 65 18 47 85 6 61 58 45 67 46 17 91 43 95 19 13 57 77 30 71 11 99 42 34 50 20 24 21 64 41 33 32 81 51 35 25 0 70 56 39 22 76 86 5 93 82 37 23 38 75 83 27 12 52 9 10 26 49 98 96 66 97 88 55 4 1 29 48 59 31 79 15 68 3 8 2 14 87 16 40 62 89 74 80 73 54 7 90 60 53 36 44 72 
TEST 35 ARG:42 88 43 1 96 53 25 41 72 99 73 82 84 80 69 46 58 4 5 37 57 83 95 78 50 47 11 40 54 44 8 92 6 67 94 36 10 91 56 87 85 13 19 7 33 76 24 30 97 16 22 39 3 20 60 32 66 89 49 63 90 86 12 9 55 31 48 29 74 59 61 45 14 51 52 34 77 81 62 70 18 93 0 17 2 38 68 35 15 21 75 23 71 28 64 79 98 26 27 65 
TEST 36 ARG:37 29 87 22 26 47 85 9 23 65 77 40 68 12 97 25 69 38 53 48 30 63 81 43 89 31 78 58 18 14 27 7 8 19 59 3 64 34 15 42 96 39 70 49 91 99 54 95 90 93 94 73 21 11 88 16 10 50 74 66 57 44 0 56 71 13 2 45 92 46 28 82 83 17 55 84 76 62 98 60 67 61 35 79 51 86 52 6 4 36 33 41 32 75 24 5 1 80 72 20 
TEST 37 ARG:73 94 62 37 61 95 57 36 63 88 12 67 35 23 65 8 10 76 7 38 42 66 14 18 2 11 81 49 51 97 83 99 86 78 39 68 4 50 71 80 70 28 16 22 44 47 21 3 19 75 9 91 40 13 60 69 82 92 79 84 46 59 45 30 43 53 20 55 52 90 29 77 1 6 96 26 58 24 64 48 72 85 32 54 56 5 31 34 17 89 41 25 33 87 74 93 98 15 0 27 
TEST 38 ARG:69 67 76 80 14 51 34 89 99 33 63 21 26 74 79 25 72 44 20 70 86 68 55 43 88 10 61 37 18 32 7 87 42 90 50 30 83 8 58 84 96 1 11 93 66 91 28 12 78 27 75 97 22 48 2 57 24 17 71 39 81 3 59 41 0 54 23 4 82 31 16 95 92 52 53 49 65 98 73 77 45 46 19 29 35 47 5 9 60 36 40 56 94 85 15 6 64 62 38 13 
TEST 39 ARG:50 13 36 15 34 62 4 88 94 86 58 41 93 3 53 42 96 45 54 30 51 56 92 91 90 7 11 52 77 75 59 37 49 47 39 69 79 22 84 10 83 61 80 78 89 32 23 57 67 43 76 28 63 6 16 5 48 19 73 29 17 87 21 71 35 27 70 85 55 25 9 14 24 38 31 44 98 2 74 20 72 81 97 64 66 60 26 65 40 0 8 99 68 18 82 1 12 33 95 46 
TEST 40 ARG:31 87 73 5 22 1 37 86 81 45 59 93 61 66 53 23 85 26 27 91 64 50 42 44 40 19 77 69 35 94 21 89 79 14 95 74 62 12 32 47 9 76 25 96 70 4 48 57 71 98 52 33 36 92 63 55 51 60 84 90 58 0 11 88 97 46 67 39 68 99 83 56 30 13 43 80 75 38 10 72 82 15 24 34 41 49 3 7 17 16 6 18 78 65 20 2 29 54 8 28 
TEST 41 ARG:93 97 37 54 80 86 46 41 78 82 23 32 56 87 27 7 85 58 33 36 4 90 60 12 14 16 66 31 48 74 99 76 0 92 3 40 10 6 55 34 49 64 30 75 77 63 89 15 22 29 2 91 26 65 11 19 35 57 67 69 98 47 51 83 71 18 38 28 5 9 94 79 62 52 73 88 43 59 25 1 39 53 44 68 96 13 20 45 24 21 42 72 84 81 50 70 95 8 17 61 
TEST 42 ARG:53 84 76 14 33 26 39 22 94 87 56 93 64 10 20 13 59 17 67 44 6 92 7 95 46 12 73 49 98 11 15 2 48 23 30 79 4 51 38 28 78 25 34 68 88 41 43 83 40 80 97 66 1 19 36 71 61 32 18 86 69 58 85 16 52 63 70 47 62 75 31 24 27 21 50 99 60 65 72 91 81 35 45 9 54 29 8 89 57 96 90 82 55 42 74 5 3 77 0 37 
TEST 43 ARG:8 22 15 34 62 67 78 91 11 56 82 71 92 98 90 3 23 2 54 47 43 61 18 30 74 44 99 14 21 17 93 79 26 59 39 27 69 50 16 33 53 20 6 81 96 31 73 7 48 38 86 89 83 88 35 28 10 46 51 1 95 32 75 12 68 5 52 77 41 80 57 94 25 72 37 84 40 4 49 13 66 9 65 85 63 64 97 45 70 19 58 36 55 0 60 87 29 42 76 24 
TEST 44 ARG:60 40 17 34 55 90 83 65 39 75 23 99 15 42 86 33 85 96 6 30 66 97 7 98 19 58 22 20 48 0 13 1 88 79 3 84 95 91 64 27 38 87 45 80 61 10 16 92 73 52 46 62 37 2 36 29 28 14 24 71 54 59 35 18 21 77 89 76 69 49 94 26 5 82 12 72 4 51 44 74 41 67 81 93 9 53 63 78 31 8 57 56 43 50 32 11 47 25 70 68 
TEST 45 ARG:68 50 61 29 94 6 93 75 57 48 24 71 30 36 65 1 3 34 81 2 38 35 73 52 12 51 4 78 59 20 15 55 32 49 63 0 5 40 11 19 39 88 8 28 79 99 97 96 67 80 84 14 21 23 42 69 10 82 26 83 60 18 31 37 92 70 58 46 33 7 95 91 54 25 41 74 9 72 98 27 76 89 64 43 47 45 22 85 66 13 53 17 56 44 16 90 87 86 77 62 
TEST 46 ARG:24 96 64 12 87 89 98 9 55 20 80 18 13 30 2 27 81 17 83 68 45 49 35 77 19 86 63 88 99 70 43 61 28 74 23 67 44 0 93 10 37 25 94 50 79 75 69 53 85 76 31 34 59 46 16 4 56 47 66 41 8 97 48 54 72 38 51 60 42 1 14 6 15 58 71 62 7 57 29 5 22 73 78 26 11 36 52 95 90 32 21 82 91 84 65 40 39 92 33 3 
TEST 47 ARG:68 19 74 14 26 85 10 70 80 6 64 79 98 1 72 63 35 93 13 29 71 97 69 39 33 91 22 48 73 84 56 51 99 45 47 59 24 16 42 53 3 17 81 37 43 92 34 49 40 96 55 90 95 94 82 75 23 78 9 46 32 60 20 31 7 67 28 58 21 83 15 65 57 25 12 41 38 89 87 30 44 50 54 66 88 52 18 62 36 77 11 61 5 0 2 76 86 4 27 8 
TEST 48 ARG:84 50 95 73 27 10 81 66 72 54 62 22 11 31 42 57 0 17 74 7 67 93 49 18 71 68 39 59 91 46 69 53 87 85 94 45 30 14 64 65 23 4 77 21 19 36 2 83 20 26 25 29 28 55 88 98 90 51 13 35 9 58 79 43 82 61 5 3 32 41 89 99 16 78 86 96 70 80 76 34 12 37 15 52 47 6 60 75 48 38 24 63 44 97 8 40 92 33 1 56 
TEST 49 ARG:63 47 2 7 55 25 83 84 21 9 36 44 40 20 98 88 81 49 3 45 92 38 43 60 61 13 17 54 41 14 66 57 4 27 78 5 85 33 89 64 76 15 48 12 90 87 8 72 91 93 31 56 37 51 96 94 30 24 79 35 53 0 19 86 23 52 22 28 10 71 16 58 59 97 39 73 68 18 29 62 11 6 67 42 74 80 77 1 34 82 50 70 95 75 32 65 99 26 69 46 
TEST 50 ARG:67 4 69 66 36 81 86 77 50 84 72 79 63 59 19 55 34 80 82 87 17 71 5 38 60 97 26 24 10 12 42 46 58 9 74 76 52 32 37 35 13 43 41 30 2 56 39 61 18 27 93 68 7 65 90 40 91 57 53 15 94 95 29 16 3 33 14 88 21 70 23 62 98 96 48 6 78 51 54 92 73 31 0 89 28 22 85 8 25 1 47 64 11 45 83 99 44 49 75 20 
TEST 51 ARG:20 68 51 89 81 46 87 28 0 65 45 41 70 40 15 42 83 48 82 34 93 75 25 64 9 61 14 85 47 58 29 10 86 71 49 2 69 38 16 52 8 76 7 78 18 26 56 23 54 30 53 63 55 84 50 24 57 32 39 59 77 44 91 99 43 72 5 62 13 3 96 35 12 90 6 37 73 19 21 67 97 88 60 33 98 80 22 17 94 11 92 79 66 74 4 36 31 95 1 27 
TEST 52 ARG:72 9 49 64 65 24 59 53 99 34 52 19 50 26 62 79 4 75 69 16 1 68 98 71 48 39 3 45 23 13 82 56 91 20 47 87 85 44 41 80 7 46 86 43 2 12 61 32 5 78 96 90 81 38 95 55 31 6 14 36 67 60 66 30 37 92 10 40 54 15 94 29 76 33 63 57 42 88 0 35 89 70 97 93 73 18 77 25 28 58 84 27 21 51 8 83 17 74 11 22 
TEST 53 ARG:52 40 57 42 75 25 10 38 14 37 43 90 32 33 98 77 95 64 55 36 30 58 11 88 45 23 85 27 2 1 46 22 84 72 48 47 20 31 79 28 60 61 21 80 93 44 0 7 81 54 71 49 9 83 12 94 92 82 67 51 24 65 8 56 17 4 41 99 68 29 59 78 63 70 62 69 13 89 53 16 50 91 76 73 74 19 96 66 87 18 39 6 35 3 34 26 86 15 97 5 
TEST 54 ARG:5 85 23 9 40 31 67 39 22 56 15 57 7 61 51 64 76 32 81 46 0 83 73 71 69 72 4 92 59 27 93 63 66 95 78 14 29 45 41 26 54 91 13 38 17 79 70 97 48 44 74 98 62 19 75 65 25 89 68 11 12 3 16 77 6 2 35 94 87 86 88 24 82 58 43 99 36 34 28 1 50 10 30 84 96 33 53 47 8 21 60 42 20 55 52 18 90 80 49 37 
TEST 55 ARG:42 12 99 3 37 86 1 77 91 72 4 60 46 2 43 69 61 18 29 47 55 15 41 78 5 94 13 53 44 88 16 32 83 48 66 68 33 31 67 23 20 63 58 96 51 79 98 19 8 27 6 26 64 7 92 28 17 87 97 93 39 90 82 38 50 36 89 56 85 14 25 21 71 49 9 65 70 10 35 57 59 24 52 34 0 73 76 95 81 74 30 54 62 84 80 45 75 22 11 40 
TEST 56 ARG:13 17 52 91 36 12 7 60 31 39 24 43 26 16 83 73 48 8 2 86 93 92 68 40 88 1 21 62 71 61 27 29 30 34 95 10 67 99 18 38 53 55 45 57 11 14 75 44 5 87 42 72 69 66 56 41 63 84 23 94 37 49 19 78 85 4 0 3 58 9 79 20 77 97 74 59 54 33 70 22 65 46 81 76 98 90 28 6 47 35 96 82 25 15 80 51 50 64 32 89 
TEST 57 ARG:25 84 38 5 78 54 18 65 7 89 3 59 55 87 90 79 57 60 46 80 53 2 48 68 27 67 1 66 35 44 49 56 40 96 33 42 28 76 85 45 52 36 62 91 8 12 16 97 92 75 10 70 72 34 37 61 83 15 19 64 86 63 20 9 24 43 11 41 23 98 4 32 77 14 0 82 26 22 74 73 81 93 21 51 69 39 47 71 29 88 13 6 95 30 31 50 94 99 17 58 
TEST 58 ARG:49 63 12 26 32 18 94 80 51 77 59 39 65 3 19 2 50 46 87 54 11 98 1 60 95 55 30 93 37 34 28 41 36 45 97 72 85 15 62 57 96 17 79 67 43 61 6 16 83 48 88 25 76 64 78 86 70 23 42 8 92 7 33 74 56 10 21 91 35 14 84 90 31 81 58 71 40 20 24 82 29 68 47 13 0 52 9 75 66 22 53 73 89 44 38 27 4 99 69 5 
TEST 59 ARG:90 29 34 76 41 20 21 9 58 99 14 39 53 72 66 83 60 8 62 10 40 32 44 24 23 12 56 15 65 33 49 86 85 47 94 71 26 45 82 87 55 19 74 63 73 78 13 67 22 2 50 17 95 91 96 27 84 0 57 80 77 93 11 75 46 7 61 69 92 59 68 97 51 16 98 30 37 54 89 4 79 1 64 5 18 28 25 36 6 31 35 3 48 38 43 42 81 70 88 52 
TEST 60 ARG:39 64 47 5 95 65 46 58 8 66 69 32 26 54 85 37 36 56 12 20 60 49 4 70 43 63 87 48 11 38 3 6 98 79 55 14 84 7 97 50 81 51 61 40 73 92 68 10 13 90 59 2 17 33 80 72 53 99 34 27 28 1 77 52 96 86 19 78 9 23 76 44 35 30 22 83 29 18 15 41 93 57 91 31 0 82 94 67 21 42 71 74 16 24 75 88 25 89 45 62 
TEST 61 ARG:63 28 15 29 6 4 74 65 13 66 72 90 75 23 38 32 44 99 48 89 31 70 24 81 93 26 91 20 39 21 41 8 12 86 68 92 77 25 17 94 0 85 64 96 51 42 35 36 30 33 9 14 71 27 50 83 46 59 22 53 84 49 61 40 52 60 43 5 79 95 1 88 2 57 97 80 82 73 10 56 58 87 69 3 34 37 19 47 54 67 18 62 11 76 55 78 7 45 98 16 
TEST 62 ARG:28 63 71 42 87 78 19 38 33 6 60 56 90 76 67 3 37 68 83 10 0 35 39 92 88 44 80 54 23 52 77 81 79 57 40 75 74 8 59 66 64 17 36 14 72 18 25 94 11 62 34 30 82 97 47 99 24 12 15 29 84 43 93 27 22 21 41 69 45 5 32 58 96 16 95 31 73 20 2 86 98 4 7 26 1 9 85 46 89 55 48 70 91 49 51 53 61 50 13 65 
TEST 63 ARG:26 57 81 12 77 17 89 9 72 74 60 78 25 96 38 91 21 50 98 3 62 92 58 99 37 33 1 34 76 86 82 80 14 18 52 15 31 7 22 40 70 29 85 20 30 28 13 69 42 94 0 73 43 39 84 79 51 2 87 4 23 53 36 11 32 54 27 65 24 59 5 35 83 47 95 49 44 56 64 55 6 48 93 71 75 67 66 16 19 68 8 97 10 90 88 63 45 61 41 46 
TEST 64 ARG:19 53 18 91 40 33 41 6 64 95 70 61 57 20 89 58 35 5 7 29 14 67 27 11 83 26 78 93 56 71 46 92 99 96 90 38 82 48 69 65 50 32 54 94 62 43 49 79 30 52 17 84 45 97 42 74 63 36 31 72 28 25 76 59 55 24 1 3 73 80 86 98 21 81 12 44 0 16 34 47 9 39 2 37 8 60 68 88 51 23 77 75 10 66 13 85 87 22 4 15 
TEST 65 ARG:70 77 51 85 88 87 69 45 65 18 91 95 4 12 33 26 15 61 14 79 82 46 58 8 90 68 24 32 52 66 96 28 47 81 78 10 62 59 30 73 5 89 60 99 21 16 49 3 84 11 41 75 98 31 48 38 74 92 53 9 44 94 19 36 39 13 56 43 93 42 72 40 76 63 83 57 55 50 54 64 29 17 20 67 22 23 1 97 27 71 80 86 2 6 25 37 7 34 0 35 
TEST 66 ARG:79 54 58 21 66 12 85 17 27 39 47 61 96 30 70 14 86 93 88 68 53 56 10 6 29 20 52 73 1 49 22 45 43 36 13 89 82 78 84 5 81 25 41 18 65 24 90 98 99 55 3 72 46 50 19 37 42 8 2 80 40 35 51 23 62 94 7 33 63 75 74 0 9 15 83 59 67 71 64 34 92 57 91 31 32 87 11 77 28 60 16 44 26 76 95 97 48 38 69 4 
TEST 67 ARG:11 62 68 86 59 50 94 81 77 37 36 73 74 10 97 56 65 66 25 64 61 91 19 29 27 33 34 67 92 24 54 13 80 76 17 22 75 41 18 32 98 55 16 51 43 46 99 85 35 70 95 9 42 89 57 40 79 58 71 82 63 7 87 38 8 12 1 47 0 2 6 39 90 3 31 84 78 28 48 72 93 52 45 69 53 49 83 30 20 88 60 15 14 5 21 44 26 23 96 4 
TEST 68 ARG:6 17 69 55 77 16 56 0 57 88 32 8 2 64 86 41 79 31 84 52 68 99 66 36 80 92 85 23 72 59 43 61 76 71 20 51 46 14 93 70 65 18 25 50 53 97 28 13 39 27 19 12 22 63 38 62 45 58 37 35 90 47 54 10 30 15 42 95 83 33 7 73 96 78 82 74 87 60 11 34 44 9 94 26 81 49 40 98 3 4 24 21 5 1 29 89 91 48 67 75 
TEST 69 ARG:44 40 94 87 73 91 42 77 86 9 34 30 96 21 99 46 81 31 52 88 64 35 11 58 67 28 70 43 78 98 95 65 41 26 89 45 6 27 79 63 69 97 39 59 49 13 17 60 76 22 15 83 32 0 25 53 3 19 80 33 92 20 24 38 2 14 57 54 51 74 56 68 71 7 62 18 66 4 50 36 82 29 1 47 61 10 16 72 48 12 23 84 75 85 37 90 93 8 5 55 
TEST 70 ARG:25 66 13 29 54 76 34 77 88 84 71 53 11 3 73 27 28 63 61 57 85 65 20 99 5 56 30 60 86 22 36 48 17 8 49 16 1 18 74 0 12 58 24 2 19 55 64 94 39 72 52 21 78 41 81 26 91 7 67 38 50 51 69 98 10 82 43 42 33 97 44 59 93 92 70 9 89 79 95 80 96 45 83 37 40 35 14 46 6 62 75 15 90 32 4 87 47 31 23 68 
TEST 71 ARG:71 58 8 87 34 24 60 6 70 49 14 93 1 44 40 96 79 12 35 31 56 10 80 62 82 66 78 65 2 4 16 37 33 5 28 25 59 26 41 86 54 88 0 17 13 45 67 7 83 73 52 77 9 72 47 97 74 18 19 89 36 3 90 91 94 98 27 38 39 50 69 57 64 81 75 76 84 51 92 20 42 15 43 29 48 30 68 32 85 95 61 23 21 63 99 55 22 53 46 11 
TEST 72 ARG:58 91 28 66 2 30 0 87 21 97 94 88 8 3 43 20 95 7 74 34 80 79 72 50 22 16 31 24 76 54 52 84 35 90 56 78 86 82 71 69 26 53 63 85 96 42 61 36 70 49 40 4 29 32 41 55 68 9 46 98 48 10 38 92 12 51 19 45 59 15 23 14 93 67 83 73 27 13 57 44 18 75 62 77 39 99 89 25 5 64 65 1 81 17 6 11 37 33 47 60 
TEST 73 ARG:91 28 44 7 86 5 41 89 59 47 14 66 9 46 67 12 48 93 79 71 38 68 8 77 76 17 6 78 87 97 26 0 40 33 92 84 3 24 94 35 72 27 64 63 53 21 69 61 73 20 10 75 98 95 74 99 55 34 31 56 49 81 25 16 82 83 4 42 51 22 85 90 70 58 43 65 88 18 13 11 1 62 29 39 60 19 96 32 30 50 80 15 37 2 45 57 54 36 23 52 
TEST 74 ARG:74 2 95 65 46 67 96 48 59 38 79 87 13 0 21 61 83 97 1 7 55 43 93 39 56 14 23 24 32 52 30 40 28 27 86 62 10 35 64 82 70 16 81 89 47 88 72 69 53 5 26 22 75 45 99 91 77 36 29 49 84 68 34 33 15 44 25 4 60 31 11 98 50 94 76 51 9 8 20 90 92 41 54 63 71 17 57 66 85 6 37 19 73 80 12 58 18 78 3 42 
TEST 75 ARG:19 24 32 67 48 54 6 91 62 89 70 18 94 68 27 36 9 41 47 93 4 13 95 60 43 99 76 74 42 14 35 22 83 49 29 16 25 79 40 3 87 96 75 88 69 17 46 72 2 33 77 0 53 31 81 34 82 92 11 15 59 57 23 66 90 78 5 38 20 80 73 63 64 44 51 58 65 98 55 21 30 86 37 12 84 61 1 50 26 8 85 97 10 56 7 39 52 28 71 45 
TEST 76 ARG:8 5 19 32 73 78 60 18 34 17 54 42 69 37 94 46 4 3 29 98 44 65 47 67 61 11 26 23 1 43 93 81 86 83 52 20 57 6 99 28 51 80 30 66 49 15 90 50 7 85 96 14 40 70 79 41 64 21 62 95 71 56 45 97 77 76 87 2 16 63 31 82 27 72 12 89 75 13 33 9 35 36 39 68 38 74 84 10 55 0 53 59 22 92 24 58 25 88 48 91 
TEST 77 ARG:97 92 50 44 82 12 43 84 31 26 7 23 21 8 37 93 72 91 17 96 49 28 35 19 13 42 94 20 39 88 99 76 54 60 40 65 87 70 67 80 16 59 46 51 33 29 78 83 25 53 9 18 85 64 4 66 15 34 71 30 89 75 48 1 90 52 47 45 86 62 56 57 5 32 73 58 11 77 98 22 2 63 0 27 79 55 68 36 24 10 95 3 41 38 6 69 74 14 81 61 
TEST 78 ARG:6 74 78 73 56 28 29 46 43 40 55 48 76 54 71 70 75 35 12 60 65 88 68 85 51 4 9 83 15 45 7 91 99 14 97 42 67 77 22 34 72 90 59 36 41 58 3 31 23 81 80 87 11 30 47 17 39 79 92 94 1 98 82 24 61 86 26 37 93 16 13 53 49 21 52 33 0 8 32 84 5 69 2 19 89 38 18 27 66 20 62 95 50 63 10 44 64 57 96 25 
TEST 79 ARG:17 98 55 28 5 59 21 54 58 64 24 69 22 29 93 0 84 86 67 27 25 37 91 53 65 46 51 23 2 89 12 13 80 16 87 50 75 97 11 10 9 52 3 43 4 39 7 6 26 57 63 74 18 82 49 70 47 42 38 73 94 30 95 66 19 83 78 85 79 40 77 81 60 36 35 8 72 33 1 41 45 56 71 31 61 34 15 32 68 14 99 96 76 48 20 90 62 92 88 44 
TEST 80 ARG:76 17 78 25 52 14 67 97 83 65 98 79 50 30 72 64 66 29 37 15 74 57 46 87 90 23 13 95 3 88 18 44 91 35 12 82 1 20 34 21 2 11 16 54 10 59 71 68 7 77 19 45 86 75 49 36 39 80 62 85 4 5 51 48 24 40 6 42 47 33 73 22 60 89 61 81 94 41 70 99 8 58 53 92 56 84 27 0 96 26 69 93 63 38 9 28 32 55 43 31 
TEST 81 ARG:33 5 68 50 80 40 60 74 35 18 52 38 12 16 94 62 49 0 7 63 92 53 87 99 98 89 6 58 93 39 14 96 83 64 44 36 24 56 22 4 17 37 3 29 19 41 31 71 97 91 61 55 84 86 66 1 90 48 11 20 51 26 95 79 43 70 21 82 81 78 10 8 73 72 25 85 27 57 42 67 9 13 28 54 77 47 69 65 75 76 32 88 34 2 59 23 15 45 30 46 
TEST 82 ARG:60 55 95 90 8 64 59 93 32 24 84 96 19 10 41 87 6 2 17 86 51 44 76 38 56 31 25 11 20 94 36 35 77 14 16 69 65 9 78 39 37 27 34 63 7 13 21 85 0 33 92 67 1 43 68 72 3 62 15 79 89 4 83 48 81 22 26 61 73 71 12 70 74 57 47 29 88 40 53 28 50 23 46 97 99 54 45 75 18 30 98 5 42 58 80 91 52 82 49 66 
TEST 83 ARG:99 68 86 69 61 72 80 66 70 76 89 3 81 50 28 5 64 57 93 6 95 56 45 44 90 19 97 74 26 32 54 91 49 25 12 1 52 35 36 7 92 18 96 9 65 88 34 85 23 79 37 83 31 14 62 38 10 42 71 4 24 33 48 87 16 39 84 47 46 58 40 13 11 41 51 59 77 22 0 2 17 20 82 98 94 43 55 63 53 73 8 60 27 78 67 75 29 21 15 30 
TEST 84 ARG:47 81 2 85 24 50 38 89 63 13 31 84 77 3 20 30 66 97 26 39 78 9 73 14 10 54 87 29 62 16 58 11 71 94 25 0 48 44 27 98 41 83 86 74 37 15 5 82 34 18 21 36 61 59 33 96 40 56 69 92 91 72 90 52 4 60 7 88 76 53 95 49 79 57 8 68 67 55 12 93 46 43 23 28 99 6 64 22 42 51 35 32 75 80 45 17 1 65 19 70 
TEST 85 ARG:47 10 15 37 52 66 84 81 86 48 67 95 96 94 69 35 75 19 92 4 74 57 50 56 59 21 97 27 2 29 34 91 20 65 71 78 54 25 63 38 62 42 93 60 13 33 99 28 30 32 24 98 43 41 36 89 0 64 7 70 14 80 49 18 22 9 72 73 40 39 83 8 44 23 88 46 12 26 31 82 87 17 5 76 53 90 3 45 79 85 55 1 77 11 51 58 61 68 6 16 
TEST 86 ARG:89 45 51 41 36 5 9 79 30 1 44 27 10 16 46 28 17 96 58 33 66 54 75 64 86 70 15 34 83 14 42 13 53 87 31 55 71 91 85 90 60 6 99 4 98 78 95 82 69 40 7 37 39 72 57 80 52 62 3 76 68 21 32 35 73 92 24 22 93 20 8 67 50 23 0 38 11 18 29 19 56 97 74 26 43 81 59 94 84 48 2 88 25 63 77 49 47 65 12 61 
TEST 87 ARG:73 82 71 59 3 34 72 84 1 79 25 30 49 87 38 21 94 23 50 40 6 46 76 48 27 99 35 47 28 18 51 55 54 86 95 83 15 8 97 20 5 92 19 42 81 41 63 45 75 4 2 89 11 43 70 90 10 80 61 69 74 39 85 52 36 78 14 93 60 96 67 66 91 12 37 62 22 7 65 68 58 17 24 77 32 53 9 0 56 33 31 16 13 57 98 44 64 29 26 88 
TEST 88 ARG:6 12 85 68 73 5 41 0 25 64 95 71 69 19 77 63 4 88 56 97 72 42 65 86 93 1 32 21 3 44 99 31 24 10 94 80 61 74 52 13 22 83 38 59 50 29 49 51 2 60 81 79 82 39 17 37 26 23 47 46 92 96 54 28 9 62 27 67 78 7 34 91 15 14 55 43 66 8 18 75 57 20 35 84 89 48 58 30 98 90 53 36 40 45 16 70 11 76 87 33 
TEST 89 ARG:90 50 37 44 80 51 10 56 91 62 42 2 49 88 4 61 70 14 26 18 6 83 87 39 55 53 78 64 3 96 54 79 0 74 99 40 73 71 30 17 36 9 98 16 22 20 86 38 77 63 67 69 76 41 7 28 19 21 68 8 25 31 94 43 84 75 12 58 60 23 72 89 57 97 46 81 82 15 52 66 93 92 45 13 5 11 32 65 35 59 95 47 24 48 29 85 27 1 34 33 
TEST 90 ARG:74 91 62 45 76 87 54 47 65 86 26 30 19 80 28 39 22 40 6 13 35 77 71 41 20 96 52 67 10 93 37 42 82 70 15 46 50 25 97 68 4 36 51 34 53 16 58 73 78 48 94 44 85 3 79 59 75 32 14 81 0 11 8 5 27 24 1 18 89 31 2 95 61 90 21 57 55 88 49 33 43 56 63 98 83 99 17 69 60 66 29 64 7 72 23 38 12 84 9 92 
TEST 91 ARG:1 34 93 89 26 77 24 22 60 53 74 29 92 78 14 82 71 67 32 39 73 99 52 3 15 47 76 58 80 0 20 87 10 72 63 27 30 17 18 65 28 83 64 13 43 44 16 19 85 23 7 90 62 9 59 41 31 57 94 8 51 12 35 70 98 55 49 66 97 61 96 5 56 88 42 50 2 69 54 37 36 48 21 45 86 91 33 68 38 84 6 40 75 95 25 81 79 11 4 46 
TEST 92 ARG:45 11 76 69 89 9 23 30 95 21 44 32 65 40 28 98 62 67 79 59 4 87 55 1 66 43 94 54 75 68 92 64 29 93 48 42 22 27 14 91 80 81 15 17 72 50 47 13 46 10 18 84 20 58 8 2 73 37 26 86 70 56 61 51 90 78 7 24 74 83 88 97 0 36 57 19 6 96 52 39 34 71 33 49 38 16 3 85 63 5 12 77 60 35 99 31 82 53 41 25 
TEST 94 ARG:4 93 33 56 52 11 87 28 31 81 69 55 78 97 29 73 18 35 50 25 16 68 3 6 8 51 58 7 32 67 5 90 59 74 13 10 83 0 88 84 98 38 24 12 1 80 27 92 34 21 44 76 30 62 48 72 75 96 42 57 64 17 71 95 19 54 53 39 20 63 61 45 49 79 47 14 22 9 26 37 86 65 15 41 82 70 89 77 66 2 60 94 43 85 40 36 46 99 23 91 
TEST 95 ARG:1 67 34 5 62 87 44 99 71 76 89 48 90 84 15 93 27 17 35 61 86 73 45 21 88 78 19 18 0 83 16 9 6 96 52 98 70 33 59 22 30 23 4 65 50 63 20 31 41 39 80 79 24 13 66 37 8 11 60 97 40 92 72 69 68 10 28 36 75 81 2 64 42 32 55 91 43 82 26 77 25 74 14 94 51 57 54 58 56 38 95 85 29 7 3 49 46 53 47 12 
TEST 96 ARG:51 13 73 17 49 65 27 8 81 23 12 77 66 83 46 50 24 0 37 31 52 98 26 54 35 87 76 47 21 80 4 33 91 58 85 22 84 14 20 38 67 89 3 1 9 42 60 68 94 7 56 92 71 61 62 29 11 95 28 64 82 96 53 78 34 90 45 88 10 72 32 69 40 15 41 2 74 18 43 55 16 19 63 70 57 86 93 36 97 6 59 30 48 44 39 75 79 25 5 99 
TEST 97 ARG:1 80 71 29 61 39 66 3 90 41 17 40 28 63 98 51 0 43 12 46 99 6 8 68 73 10 84 47 85 4 55 22 81 36 26 89 24 19 23 18 67 57 59 37 93 56 69 52 50 77 62 79 53 94 5 32 58 82 60 30 95 91 14 70 25 78 7 75 92 64 83 44 13 74 65 20 31 2 88 54 42 9 15 27 11 21 16 45 72 76 49 86 38 48 96 97 34 35 87 33 
TEST 98 ARG:97 79 82 2 0 39 56 32 35 17 94 76 22 26 57 29 38 11 34 41 27 55 19 53 36 70 52 90 33 99 49 54 51 40 45 44 83 18 31 1 24 66 42 91 73 88 92 85 95 65 62 84 46 47 67 61 80 9 5 68 30 81 77 64 87 8 16 6 59 7 96 78 13 63 25 4 20 15 43 86 58 28 60 69 37 48 14 50 71 72 75 89 23 10 12 93 21 3 98 74 
TEST 99 ARG:43 44 60 19 62 89 27 99 18 10 7 53 46 14 37 58 30 48 33 70 59 8 75 81 23 51 71 83 64 2 25 6 94 39 73 17 31 97 56 22 95 45 50 15 12 26 85 92 47 72 61 21 65 40 68 80 79 36 77 20 52 66 49 11 34 29 74 67 96 35 69 1 32 55 82 88 5 16 41 9 0 76 24 57 90 78 38 13 3 87 93 86 98 42 91 54 84 28 4 63 
TEST 100 ARG:97 21 24 68 45 88 39 44 65 50 74 49 76 38 29 92 33 9 53 78 6 72 51 17 8 83 28 90 12 30 34 98 73 48 62 32 80 7 91 16 63 54 70 96 93 41 31 89 18 58 75 94 52 26 23 36 71 15 20 77 61 84 82 99 81 79 22 43 95 57 64 66 3 67 27 14 85 46 13 42 40 35 37 19 1 87 69 56 11 5 25 4 47 55 60 0 86 2 59 10 
TEST 101 ARG:12 86 96 37 43 36 29 4 2 11 68 66 51 19 82 44 5 6 41 3 48 75 73 21 31 1 56 30 76 46 88 92 38 79 57 52 55 91 54 85 90 50 87 45 99 89 81 72 22 18 42 47 84 98 64 32 63 80 60 0 23 62 70 10 74 17 78 83 35 33 77 9 94 40 65 15 24 67 34 7 14 13 69 53 61 59 93 49 28 26 27 71 16 58 95 8 39 25 20 97 
TEST 102 ARG:83 82 93 47 97 29 13 70 79 55 73 86 99 12 7 37 26 61 77 33 78 27 20 23 90 51 41 96 58 36 80 94 91 18 84 64 21 89 98 24 57 52 71 32 22 56 38 4 44 39 0 74 49 42 67 35 72 11 60 6 28 10 8 43 15 5 45 65 95 31 46 16 85 68 48 9 87 62 17 50 75 59 63 25 40 69 2 19 30 3 92 54 76 53 14 1 81 34 88 66 
TEST 103 ARG:64 27 68 21 16 9 56 63 97 92 81 26 60 66 65 41 86 43 35 42 14 61 46 76 94 12 2 7 52 90 37 67 57 15 18 74 10 89 93 47 50 78 87 17 45 84 83 39 62 23 53 91 32 80 13 95 55 77 6 72 29 19 1 31 48 75 4 98 71 49 36 3 5 70 24 40 59 51 73 8 38 88 0 11 54 85 44 58 30 69 79 22 99 34 28 25 33 96 20 82 
TEST 104 ARG:2 23 71 52 95 24 83 8 42 11 37 54 64 6 26 18 21 32 73 43 94 91 62 44 98 90 78 99 66 59 50 93 40 58 25 4 63 56 47 34 84 30 89 48 12 41 1 81 28 53 16 77 9 79 33 19 0 69 38 10 87 80 36 57 29 55 72 86 15 35 17 85 13 88 14 22 75 7 96 3 49 76 70 68 39 67 27 31 74 82 46 45 51 20 65 61 5 92 60 97 
TEST 105 ARG:89 64 20 10 92 90 80 45 26 97 19 12 46 5 52 11 62 56 53 50 69 85 59 88 82 6 65 71 37 79 66 63 39 44 9 41 83 75 77 95 76 99 93 29 0 48 94 72 51 96 21 57 35 74 17 32 81 22 40 2 43 28 1 47 23 36 68 87 4 91 58 54 34 42 18 61 67 49 27 84 55 15 60 24 33 73 86 70 16 25 13 78 3 14 7 30 31 98 8 38 
TEST 106 ARG:61 1 90 39 16 54 63 42 77 92 45 88 68 11 53 13 55 72 24 26 99 21 56 89 47 98 84 23 93 17 30 50 86 80 46 48 36 96 3 32 52 9 25 0 33 41 57 8 69 29 19 6 28 91 20 64 37 97 27 5 73 85 44 87 82 49 74 78 40 22 66 76 12 83 79 18 59 35 70 65 2 7 62 75 71 94 10 4 60 31 43 14 34 51 38 67 58 15 81 95 
TEST 107 ARG:32 82 50 25 26 6 30 9 5 7 83 78 44 12 53 62 33 22 28 40 31 43 29 17 20 24 93 70 67 87 37 3 76 23 98 19 61 73 63 36 8 99 16 52 57 13 90 0 69 65 34 91 21 81 71 72 39 96 51 58 86 64 66 85 46 45 92 68 97 88 54 11 95 27 14 74 18 47 15 89 38 10 41 80 56 42 59 2 35 84 48 55 79 1 49 77 94 75 4 60 
TEST 108 ARG:53 20 76 61 40 0 97 48 31 10 12 24 16 62 39 1 86 91 13 98 75 77 59 50 47 35 64 17 37 49 65 74 30 69 5 93 84 60 19 18 28 25 21 38 85 95 99 92 33 43 22 7 72 83 96 78 66 8 6 41 87 51 56 3 79 94 67 55 44 68 45 32 80 34 71 88 29 89 23 14 42 27 15 4 73 70 52 54 9 58 46 81 63 36 82 57 2 11 26 90 
TEST 109 ARG:50 76 83 24 67 3 51 9 31 28 14 56 39 88 52 74 63 48 87 78 62 22 7 17 58 71 13 33 4 40 99 96 49 34 19 95 42 26 41 59 38 73 94 69 1 45 91 85 32 8 29 86 89 81 55 18 11 46 72 93 10 75 64 21 68 98 25 36 54 66 61 37 53 84 2 35 77 30 79 6 47 60 27 65 44 80 16 57 5 20 15 70 97 92 23 90 12 43 82 0 
TEST 110 ARG:93 69 87 39 28 4 19 22 0 13 77 80 41 65 6 24 55 50 89 67 29 47 91 81 8 79 60 82 20 96 83 16 45 61 78 59 30 14 26 97 94 3 75 25 18 43 49 71 85 62 35 44 52 54 40 15 1 7 92 56 34 98 58 17 95 21 64 12 88 42 48 68 72 51 53 11 76 5 38 90 37 46 70 9 63 84 33 73 27 36 74 32 10 31 57 23 66 2 86 99 
